Adjective "face"
Collocate	POS	Rank	Freq(Scaled)	FreqLR	FreqL	FreqR	Range	Likelihood	Effect
his		1	177572	2043	2043	0	98	7969.639	4.025
her		2	158694	1623	1623	0	95	5901.345	3.855
s		3	93515	1027	1027	0	86	3815.747	3.958
pale		4	2307	146	146	0	51	1035.006	6.485
the		5	796240	1217	1217	0	95	614.239	1.113
handsome		6	1231	63	63	0	21	418.897	6.178
of		7	450948	39	39	0	26	403.405	-3.031
white		8	4240	82	82	0	30	386.808	4.774
and		9	460622	60	60	0	40	335.224	-2.44
your		10	37618	166	166	0	59	331.690	2.643
beautiful		11	2691	61	61	0	34	306.561	5.003
my		12	66510	195	195	0	62	261.364	2.053
he		13	197952	2	2	0	2	260.739	-6.128
i		14	195613	4	4	0	4	241.982	-5.111
whose		15	7003	69	69	0	38	236.504	3.801
sweet		16	2513	48	48	0	28	225.116	4.756
pretty		17	2563	47	47	0	30	216.698	4.698
was		18	174500	4	4	0	3	212.674	-4.946
in		19	229279	23	23	0	17	190.225	-2.817
it		20	148194	4	4	0	3	176.389	-4.71
you		21	135522	3	3	0	3	165.663	-4.997
upturned		22	68	16	16	0	11	158.055	8.379
fair		23	3846	43	43	0	26	157.491	3.984
she		24	116217	1	1	0	1	154.138	-6.36
with		25	127370	4	4	0	4	147.890	-4.492
smiling		26	1280	29	29	0	21	145.628	5.003
lovely		27	1207	28	28	0	21	141.902	5.037
for		28	112448	2	2	0	2	140.839	-5.312
pallid		29	125	16	16	0	13	136.694	7.501
averted		30	178	17	17	0	13	134.749	7.078
haggard		31	227	17	17	0	14	126.179	6.728
grave		32	1937	29	29	0	22	122.300	4.405
sur		33	479	19	19	0	14	116.499	5.811
at		34	87333	1	1	0	1	113.589	-5.948
is		35	83547	1	1	0	1	108.294	-5.884
bright		36	2196	27	27	0	14	103.706	4.121
blushing		37	269	15	15	0	11	102.280	6.302
wrinkled		38	102	12	12	0	8	100.368	7.379
worn		39	812	19	19	0	14	96.597	5.049
thy		40	4237	32	32	0	20	93.888	3.418
beaming		41	143	12	12	0	8	91.883	6.892
flushed		42	402	15	15	0	10	90.130	5.722
wry		43	20	8	8	0	7	89.181	9.145
honest		44	1202	20	20	0	10	88.398	4.557
a		45	297261	348	348	0	82	77.400	0.728
all		46	54339	1	1	0	1	67.667	-5.263
whole		47	5505	29	29	0	22	66.467	2.898
bearded		48	70	8	8	0	6	66.419	7.337
so		49	51957	1	1	0	1	64.376	-5.198
troubled		50	595	13	13	0	10	64.338	4.95
ﬂushed		51	49	7	7	0	4	61.442	7.659
wan		52	278	10	10	0	10	59.350	5.67
human		53	2973	21	21	0	17	59.046	3.321
not		54	101823	18	18	0	14	58.340	-1.999
thin		55	769	13	13	0	11	57.849	4.58
stricken		56	307	10	10	0	6	57.372	5.526
ruddy		57	127	8	8	0	7	56.532	6.478
dark		58	3977	23	23	0	13	56.461	3.033
ghastly		59	343	10	10	0	7	55.170	5.366
thoughtful		60	344	10	10	0	9	55.112	5.362
livid		61	174	8	8	0	7	51.419	6.024
or		62	42345	1	1	0	1	51.153	-4.903
rugged		63	187	8	8	0	5	50.258	5.92
red		64	2639	18	18	0	11	49.471	3.271
colourless		65	55	6	6	0	6	49.225	7.27
from		66	62473	7	7	0	6	48.671	-2.657
they		67	48771	3	3	0	3	48.400	-3.522
downcast		68	120	7	7	0	7	48.368	6.367
wasted		69	339	9	9	0	5	47.986	5.231
been		70	38628	1	1	0	1	46.067	-4.771
sallow		71	71	6	6	0	5	46.025	6.902
when		72	37959	1	1	0	1	45.154	-4.746
glowing		73	408	9	9	0	6	44.707	4.964
rosy		74	273	8	8	0	6	44.216	5.374
serious		75	1087	12	12	0	6	43.633	3.965
sad		76	1415	13	13	0	10	42.806	3.7
beaten		77	309	8	8	0	8	42.257	5.195
wizened		78	13	4	4	0	1	42.005	8.766
cherub		79	42	5	5	0	4	41.942	7.396
who		80	39606	2	2	0	2	41.506	-3.807
serene		81	223	7	7	0	5	39.643	5.473
there		82	38115	2	2	0	2	39.546	-3.751
delicate		83	1030	11	11	0	7	39.310	3.918
yellow		84	581	9	9	0	4	38.529	4.454
familiar		85	833	10	10	0	10	37.942	4.086
me		86	53207	7	7	0	7	37.774	-2.425
no		87	46989	5	5	0	4	37.574	-2.731
more		88	31730	1	1	0	1	36.685	-4.487
him		89	79807	18	18	0	16	35.844	-1.648
fine		90	2764	15	15	0	10	35.141	2.941
will		91	37695	3	3	0	3	34.244	-3.15
this		92	57944	10	10	0	10	33.812	-2.034
altered		93	534	8	8	0	6	33.733	4.406
impassive		94	33	4	4	0	3	33.706	7.422
are		95	33114	2	2	0	1	33.022	-3.549
purple		96	363	7	7	0	5	32.934	4.77
their		97	36510	3	3	0	3	32.756	-3.104
uplifted		98	108	5	5	0	5	32.205	6.034
were		99	47967	7	7	0	5	31.797	-2.276
laughing		100	1163	10	10	0	8	31.699	3.605
animated		101	409	7	7	0	6	31.313	4.598
radiant		102	246	6	6	0	6	30.986	5.109
its		103	17953	37	37	0	24	30.669	1.544
smooth		104	430	7	7	0	7	30.636	4.526
then		105	27238	1	1	0	1	30.627	-4.267
intelligent		106	261	6	6	0	6	30.289	5.024
expressionless		107	12	3	3	0	3	30.047	8.467
little		108	22305	42	42	0	19	29.945	1.414
man		109	26633	1	1	0	1	29.815	-4.234
complexioned		110	13	3	3	0	2	29.499	8.351
boyish		111	144	5	5	0	2	29.320	5.619
broad		112	1020	9	9	0	8	28.958	3.642
unmoved		113	160	5	5	0	5	28.271	5.467
beauteous		114	64	4	4	0	4	28.200	6.467
rapt		114	64	4	4	0	3	28.200	6.467
oval		114	64	4	4	0	4	28.200	6.467
blanched		114	64	4	4	0	4	28.200	6.467
we		118	29364	2	2	0	1	28.191	-3.375
youthful		119	517	7	7	0	6	28.160	4.26
anxious		120	1865	11	11	0	10	27.375	3.061
sunburnt		121	18	3	3	0	3	27.331	7.882
russet		121	18	3	3	0	1	27.331	7.882
manly		123	341	6	6	0	6	27.161	4.638
pinched		124	73	4	4	0	4	27.128	6.277
careworn		125	19	3	3	0	1	26.979	7.804
tanned		125	19	3	3	0	3	26.979	7.804
mobile		127	22	3	3	0	2	26.032	7.592
natured		128	382	6	6	0	5	25.845	4.474
puckered		129	24	3	3	0	2	25.475	7.467
would		130	44670	8	8	0	6	25.239	-1.98
calm		131	1663	10	10	0	8	25.227	3.089
bis		132	423	6	6	0	6	24.670	4.327
earnest		133	976	8	8	0	5	24.654	3.536
every		134	14671	30	30	0	21	24.549	1.533
attentive		135	239	5	5	0	1	24.317	4.888
withered		135	239	5	5	0	4	24.317	4.888
agitated		137	739	7	7	0	7	23.443	3.745
brown		138	1081	8	8	0	7	23.161	3.388
time		139	21624	1	1	0	1	23.139	-3.934
angel		140	784	7	7	0	5	22.675	3.659
shining		141	514	6	6	0	5	22.445	4.046
expressive		142	292	5	5	0	4	22.370	4.599
young		143	13114	27	27	0	18	22.333	1.543
rueful		144	41	3	3	0	3	22.119	6.694
scared		145	138	4	4	0	3	22.020	5.358
quivering		146	312	5	5	0	4	21.730	4.503
heated		147	145	4	4	0	2	21.628	5.287
only		148	20446	1	1	0	1	21.583	-3.853
scowling		149	45	3	3	0	3	21.546	6.56
placid		150	149	4	4	0	4	21.413	5.247
did		151	20294	1	1	0	1	21.383	-3.842
blooming		152	177	4	4	0	4	20.058	4.999
dazzling		153	180	4	4	0	3	19.926	4.975
black		154	3328	12	12	0	9	19.854	2.351
immovable		155	62	3	3	0	3	19.590	6.097
baby		156	666	6	6	0	4	19.535	3.672
how		157	18754	1	1	0	1	19.361	-3.728
grinning		158	65	3	3	0	3	19.304	6.029
beseeching		159	67	3	3	0	3	19.121	5.986
fat		160	412	5	5	0	3	19.072	4.102
could		161	30901	5	5	0	5	18.970	-2.127
intellectual		162	424	5	5	0	3	18.800	4.061
expectant		163	71	3	3	0	3	18.771	5.902
glistering		164	11	2	2	0	1	18.602	8.007
emaciated		165	74	3	3	0	3	18.521	5.842
freckled		166	12	2	2	0	2	18.221	7.882
flabby		166	12	2	2	0	1	18.221	7.882
jolly		168	225	4	4	0	3	18.186	4.653
own		169	19175	32	32	0	26	18.147	1.24
than		170	24445	3	3	0	3	18.074	-2.526
painted		171	466	5	5	0	4	17.909	3.924
tht		172	13	2	2	0	1	17.873	7.766
comely		173	86	3	3	0	3	17.619	5.625
what		174	39570	9	9	0	8	17.565	-1.636
should		175	20870	2	2	0	2	17.529	-2.883
peevish		176	89	3	3	0	1	17.414	5.576
stained		177	258	4	4	0	3	17.129	4.455
them		178	31742	6	6	0	6	17.073	-1.903
beardless		179	16	2	2	0	2	16.983	7.467
rigid		180	264	4	4	0	4	16.952	4.422
up		181	26212	4	4	0	3	16.814	-2.211
chubby		182	18	2	2	0	2	16.485	7.297
sorrowful		183	283	4	4	0	2	16.419	4.322
lady		184	19905	2	2	0	1	16.352	-2.814
