Adjective/verb "manner"
Collocate	POS	Rank	Freq(Scaled)	FreqLR	FreqL	FreqR	Range	Likelihood	Effect
his		1	177572	414	414	0	86	992.545	2.929
a		2	297261	441	441	0	80	721.062	2.277
her		3	158694	254	254	0	72	439.406	2.387
this		4	57944	136	136	0	46	320.941	2.939
s		5	93515	168	168	0	59	320.473	2.553
the		6	796240	500	500	0	88	221.883	1.037
same		7	8011	50	50	0	29	207.198	4.35
like		8	21012	59	59	0	26	157.136	3.197
what		9	39570	73	73	0	42	141.400	2.591
peculiar		10	956	21	21	0	15	138.614	6.165
all		11	54339	78	78	0	34	119.250	2.229
of		12	450948	276	276	0	65	111.011	1.0
he		13	197952	2	2	0	2	104.331	-4.921
was		14	174500	2	2	0	2	90.298	-4.739
solemn		15	1104	15	15	0	11	84.708	5.472
abrupt		16	234	10	10	0	9	79.370	7.125
hurried		17	1038	14	14	0	10	78.855	5.461
altered		18	534	11	11	0	7	71.175	6.072
with		19	127370	1	1	0	1	68.984	-5.285
usual		20	2423	16	16	0	13	67.917	4.431
unceremonious		21	37	6	6	0	4	64.327	9.049
affectionate		22	630	10	10	0	9	59.530	5.696
clandestine		23	59	6	6	0	5	58.342	8.376
cordial		24	259	8	8	0	8	58.245	6.657
friendly		25	691	10	10	0	9	57.705	5.563
respectful		26	271	8	8	0	7	57.516	6.592
imperious		27	143	7	7	0	6	57.488	7.321
impressive		28	148	7	7	0	6	56.998	7.272
ungracious		29	79	6	6	0	5	54.687	7.955
mysterious		30	1688	12	12	0	8	52.626	4.538
and		31	460622	232	232	0	65	51.002	0.718
extraordinary		32	770	9	9	0	6	48.152	5.255
quiet		33	2127	12	12	0	9	47.328	4.204
straightforward		34	66	5	5	0	4	45.545	7.951
impetuous		35	174	6	6	0	3	45.012	6.816
graceful		36	597	8	8	0	7	44.948	5.452
hesitating		37	184	6	6	0	5	44.336	6.735
winning		38	215	6	6	0	5	42.457	6.51
emphatic		39	92	5	5	0	3	42.128	7.472
excited		40	1118	9	9	0	8	41.620	4.717
agitated		41	739	8	8	0	5	41.600	5.144
embarrassed		42	248	6	6	0	5	40.741	6.304
natural		43	2218	11	11	0	11	40.703	4.018
unconcerned		44	35	4	4	0	4	39.879	8.544
kindest		45	117	5	5	0	5	39.679	7.125
abstracted		46	120	5	5	0	5	39.423	7.089
polite		47	279	6	6	0	4	39.331	6.135
ceremonious		48	39	4	4	0	2	38.965	8.388
stately		49	310	6	6	0	4	38.072	5.983
your		50	37618	38	38	0	29	37.945	1.722
summary		51	46	4	4	0	4	37.582	8.15
strange		52	3347	12	12	0	12	37.168	3.55
handsomest		53	50	4	4	0	2	36.888	8.03
authoritative		54	51	4	4	0	4	36.723	8.001
conciliating		54	51	4	4	0	3	36.723	8.001
decisive		56	187	5	5	0	4	34.951	6.449
which		57	70195	1	1	0	1	34.938	-4.425
agreeable		58	803	7	7	0	6	33.447	4.832
hasty		59	462	6	6	0	6	33.339	5.407
dignified		60	232	5	5	0	4	32.796	6.138
in		61	229279	29	29	0	24	31.494	-1.275
whole		62	5505	13	13	0	11	30.544	2.948
delicate		63	1030	7	7	0	6	30.087	4.473
deferential		64	26	3	3	0	3	29.969	8.558
vehement		65	123	4	4	0	4	29.534	6.731
precise		66	125	4	4	0	3	29.404	6.708
serious		67	1087	7	7	0	7	29.365	4.395
playful		68	132	4	4	0	4	28.965	6.629
best		69	4942	12	12	0	9	28.776	2.988
energetic		70	147	4	4	0	3	28.101	6.474
careless		71	393	5	5	0	5	27.579	5.377
haughty		72	408	5	5	0	3	27.211	5.323
significant		73	172	4	4	0	4	26.843	6.247
pleasantest		74	45	3	3	0	2	26.534	7.767
furtive		75	55	3	3	0	3	25.298	7.477
discomfited		76	58	3	3	0	2	24.972	7.401
alarming		77	221	4	4	0	4	24.847	5.886
exemplary		78	65	3	3	0	3	24.276	7.236
ironical		79	67	3	3	0	2	24.091	7.193
following		80	1626	7	7	0	5	24.042	3.814
similar		81	580	5	5	0	5	23.781	4.816
cautious		82	254	4	4	0	3	23.744	5.685
gaging		83	9	2	2	0	2	22.837	9.504
formal		84	287	4	4	0	4	22.780	5.509
melancholy		85	1149	6	6	0	5	22.779	4.093
absent		86	644	5	5	0	5	22.769	4.665
unaffected		87	96	3	3	0	3	21.909	6.674
discreet		88	99	3	3	0	2	21.723	6.629
incoherent		88	99	3	3	0	3	21.723	6.629
shameful		90	101	3	3	0	3	21.603	6.6
caressing		91	107	3	3	0	3	21.255	6.517
coolest		92	13	2	2	0	1	21.212	8.973
leisurely		93	114	3	3	0	1	20.874	6.426
ordinary		94	818	5	5	0	4	20.475	4.32
briefest		95	16	2	2	0	2	20.319	8.674
violent		96	832	5	5	0	4	20.314	4.295
an		97	44936	1	1	0	1	20.307	-3.782
constrained		98	128	3	3	0	3	20.178	6.259
impassioned		99	129	3	3	0	2	20.132	6.247
by		100	72528	5	5	0	4	19.565	-2.151
dictatorial		101	22	2	2	0	2	18.976	8.214
indecorous		101	22	2	2	0	2	18.976	8.214
underhand		101	22	2	2	0	2	18.976	8.214
earnest		104	976	5	5	0	5	18.801	4.065
patronising		105	23	2	2	0	2	18.790	8.15
provoking		106	166	3	3	0	3	18.626	5.884
deliberate		107	168	3	3	0	3	18.554	5.866
inoffensive		108	26	2	2	0	2	18.280	7.973
indifferent		109	523	4	4	0	3	18.098	4.643
unequivocal		110	28	2	2	0	2	17.973	7.866
confused		111	544	4	4	0	4	17.795	4.586
gracious		112	562	4	4	0	4	17.545	4.539
distant		113	1129	5	5	0	5	17.435	3.855
deprecating		114	32	2	2	0	2	17.423	7.674
tragical		114	32	2	2	0	2	17.423	7.674
noisy		116	214	3	3	0	2	17.119	5.517
lofty		117	609	4	4	0	2	16.929	4.423
characteristic		118	223	3	3	0	3	16.875	5.458
rational		118	223	3	3	0	3	16.875	5.458
sneaking		120	37	2	2	0	1	16.828	7.464
ostentatious		120	37	2	2	0	2	16.828	7.464
sedate		122	38	2	2	0	1	16.719	7.426
loftiest		123	39	2	2	0	2	16.613	7.388
gentle		124	2007	6	6	0	6	16.597	3.288
strongest		125	235	3	3	0	2	16.566	5.382
conciliatory		126	40	2	2	0	2	16.509	7.352
fatherly		126	40	2	2	0	2	16.509	7.352
disorderly		128	41	2	2	0	2	16.409	7.316
freezing		128	41	2	2	0	2	16.409	7.316
frigid		128	41	2	2	0	2	16.409	7.316
jesting		131	42	2	2	0	2	16.310	7.281
despotic		131	42	2	2	0	2	16.310	7.281
reverential		133	43	2	2	0	2	16.215	7.247
satisfactory		134	250	3	3	0	3	16.202	5.293
uncourteou		135	1	1	1	0	1	16.183	11.674
shajvian		135	1	1	1	0	1	16.183	11.674
nuhse		135	1	1	1	0	1	16.183	11.674
sequious		135	1	1	1	0	1	16.183	11.674
clamatory		135	1	1	1	0	1	16.183	11.674
gudemanlike		135	1	1	1	0	1	16.183	11.674
gistic		135	1	1	1	0	1	16.183	11.674
sleekiest		135	1	1	1	0	1	16.183	11.674
deleerit		135	1	1	1	0	1	16.183	11.674
archangelic		135	1	1	1	0	1	16.183	11.674
halfhesitating		135	1	1	1	0	1	16.183	11.674
stagy		135	1	1	1	0	1	16.183	11.674
minimising		135	1	1	1	0	1	16.183	11.674
fiant		135	1	1	1	0	1	16.183	11.674
auirming		135	1	1	1	0	1	16.183	11.674
nesslike		135	1	1	1	0	1	16.183	11.674
narve		135	1	1	1	0	1	16.183	11.674
inofficial		135	1	1	1	0	1	16.183	11.674
