Adjective "face"
Collocate	POS	Rank	Freq(Scaled)	FreqLR	FreqL	FreqR	Range	Likelihood	Effect
his		1	52638	1145	1145	0	20	4943.888	4.291
her		2	31885	633	633	0	20	2547.777	4.159
s		3	28018	381	381	0	20	1240.652	3.613
pale		4	436	39	39	0	14	269.098	6.331
my		5	25242	133	133	0	16	206.994	2.246
handsome		6	416	27	27	0	11	168.461	5.868
the		7	195227	423	423	0	20	162.913	0.964
and		8	144982	36	36	0	11	145.865	-2.162
your		9	9640	64	64	0	18	123.159	2.579
it		10	55557	1	1	0	1	114.078	-5.948
pretty		11	1369	28	28	0	13	110.830	4.202
he		12	53122	1	1	0	1	108.683	-5.883
whose		13	1192	26	26	0	12	106.110	4.295
flushed		14	117	14	14	0	9	105.039	6.751
haggard		15	87	13	13	0	11	103.687	7.071
you		16	50707	1	1	0	1	103.340	-5.816
attentive		17	145	13	13	0	6	89.689	6.334
fiery		18	75	11	11	0	3	87.290	7.045
in		19	70128	13	13	0	10	84.256	-2.583
red		20	857	20	20	0	9	84.201	4.393
sweet		21	405	16	16	0	11	83.836	5.152
smiling		22	440	16	16	0	8	81.209	5.033
was		23	46414	3	3	0	3	80.635	-4.103
with		24	40236	2	2	0	2	73.422	-4.482
radiant		25	67	9	9	0	5	69.723	6.918
beautiful		26	659	16	16	0	7	68.571	4.45
bright		27	780	16	16	0	8	63.384	4.207
upturned		28	15	6	6	0	6	61.467	8.492
beaming		29	72	8	8	0	6	58.764	6.644
sunburnt		30	27	6	6	0	6	53.080	7.644
of		31	104880	48	48	0	14	52.990	-1.28
sallow		32	30	6	6	0	5	51.667	7.492
cadaverous		33	15	5	5	0	2	48.957	8.229
thoughtful		34	209	9	9	0	7	48.687	5.276
worn		35	344	10	10	0	9	46.345	4.71
white		36	781	13	13	0	9	46.335	3.905
that		37	56316	18	18	0	11	44.755	-1.797
wry		38	23	5	5	0	4	43.985	7.612
own		39	4598	26	26	0	14	43.021	2.348
ingenuous		40	26	5	5	0	4	42.620	7.435
anxious		41	419	10	10	0	6	42.513	4.425
altered		42	214	8	8	0	6	41.029	5.072
burning		43	237	8	8	0	6	39.417	4.925
its		44	4680	25	25	0	13	39.083	2.265
immovable		45	84	6	6	0	5	38.581	6.007
honest		46	387	9	9	0	7	37.810	4.388
dirty		47	267	8	8	0	6	37.546	4.753
yellow		48	184	7	7	0	5	36.142	5.098
colourless		49	20	4	4	0	3	34.443	7.492
wistful		50	22	4	4	0	3	33.601	7.354
crafty		50	22	4	4	0	4	33.601	7.354
cordial		52	66	5	5	0	2	32.752	6.091
sightless		53	6	3	3	0	2	32.506	8.814
rueful		54	26	4	4	0	4	32.147	7.113
averted		55	28	4	4	0	2	31.510	7.007
gentle		56	397	8	8	0	5	31.407	4.181
wicked		57	153	6	6	0	5	31.338	5.141
smooth		58	155	6	6	0	5	31.184	5.123
cheerful		59	404	8	8	0	7	31.140	4.156
genial		60	43	4	4	0	3	27.895	6.388
composed		61	210	6	6	0	5	27.599	4.685
downcast		62	51	4	4	0	4	26.486	6.141
calm		63	242	6	6	0	5	25.945	4.48
this		64	19439	3	3	0	3	25.444	-2.848
patient		65	269	6	6	0	5	24.721	4.327
livid		66	18	3	3	0	2	24.630	7.229
kind		67	1669	12	12	0	7	24.611	2.694
brown		68	434	7	7	0	6	24.527	3.86
him		69	24450	6	6	0	6	24.323	-2.179
blooming		70	67	4	4	0	4	24.260	5.748
resolute		70	67	4	4	0	4	24.260	5.748
stone		72	448	7	7	0	1	24.110	3.814
comely		73	20	3	3	0	3	23.946	7.077
shining		74	289	6	6	0	5	23.895	4.224
vinegary		75	3	2	2	0	1	23.394	9.229
brighter		76	76	4	4	0	3	23.242	5.566
perplexed		77	79	4	4	0	2	22.931	5.51
fair		78	499	7	7	0	4	22.702	3.658
humoured		79	84	4	4	0	3	22.438	5.422
wrinkled		80	26	3	3	0	2	22.271	6.698
ashy		80	26	3	3	0	3	22.271	6.698
dimpled		82	32	3	3	0	3	20.969	6.399
tearful		83	34	3	3	0	1	20.592	6.311
agitated		84	118	4	4	0	4	19.739	4.931
purple		85	41	3	3	0	2	19.437	6.041
shrivelled		85	41	3	3	0	3	19.437	6.041
all		87	16267	3	3	0	3	19.434	-2.591
there		88	14211	2	2	0	2	19.368	-2.981
delicate		89	262	5	5	0	4	19.108	4.102
scarred		90	7	2	2	0	1	18.846	8.007
what		91	13835	2	2	0	2	18.636	-2.942
ruddy		92	48	3	3	0	3	18.473	5.814
a		93	90618	146	146	0	19	18.366	0.536
me		94	20939	6	6	0	5	18.345	-1.955
expressionless		95	8	2	2	0	2	18.227	7.814
grinning		96	50	3	3	0	3	18.224	5.755
blank		97	151	4	4	0	4	17.809	4.575
careworn		98	10	2	2	0	2	17.221	7.492
benevolent		99	61	3	3	0	3	17.022	5.468
contemptuous		99	61	3	3	0	2	17.022	5.468
up		101	10728	1	1	0	1	16.919	-3.575
heated		102	63	3	3	0	1	16.828	5.422
exultant		103	11	2	2	0	2	16.800	7.354
rigid		104	64	3	3	0	2	16.734	5.399
who		105	10619	1	1	0	1	16.696	-3.56
old		106	8251	24	24	0	11	16.606	1.389
bloated		107	12	2	2	0	1	16.420	7.229
jolly		108	184	4	4	0	3	16.282	4.29
swelled		109	70	3	3	0	2	16.197	5.27
earnest		110	359	5	5	0	5	16.148	3.648
amiable		111	189	4	4	0	3	16.076	4.252
glossy		112	13	2	2	0	2	16.073	7.113
propitiatory		112	13	2	2	0	2	16.073	7.113
or		114	14397	3	3	0	3	15.997	-2.415
lovely		115	197	4	4	0	3	15.759	4.192
haughty		116	76	3	3	0	2	15.706	5.151
to		117	109285	81	81	0	19	15.638	-0.584
